16 18
[floor1]
0,0,0,0,0,0,0,0,0,0,0,0,0,0,0,0,0,0
0,1,0,0,0,0,0,0,0,0,0,0,0,0,0,0,0,0
0,0,0,0,0,0,0,0,0,0,0,0,0,-1,-1,0,0,0
0,0,0,-1,-1,-1,-1,0,0,0,0,0,0,-1,0,0,0,0
0,0,0,-1,0,0,0,-1,-1,-1,-1,-1,-1,-1,-1,-1,-1,-1
0,0,0,-1,0,0,0,-1,0,0,0,0,0,0,-1,0,0,0
0,0,0,-1,-1,-1,-1,0,0,0,0,0,0,0,-1,0,0,0
0,0,0,0,0,0,0,0,0,0,0,0,0,0,-1,0,0,0
0,0,0,0,0,0,0,0,0,0,0,0,0,0,-1,0,0,0
0,0,0,0,0,0,0,0,0,0,-1,-1,-1,-1,-1,0,0,0
0,0,0,0,0,0,0,0,0,0,-1,0,0,0,-1,-1,0,0
0,0,0,0,0,0,0,0,0,0,-1,-1,-1,-1,0,0,0,0
0,0,0,0,0,0,0,0,0,0,0,0,0,0,0,0,0,0
0,-1,-1,-1,0,0,0,0,0,0,0,0,0,0,0,0,0,0
0,-1,0,-1,0,0,0,0,0,0,0,0,-1,-1,0,0,0,0
0,-1,-1,-1,-1,0,0,0,0,0,0,0,0,0,0,0,0,2
[floor2]
0,0,0,0,0,0,0,0,0,0,0,0,0,0,0,0,0,0
0,1,0,0,0,0,0,0,0,0,0,0,0,0,0,0,0,0
0,0,0,0,0,0,0,0,0,0,0,0,0,0,0,0,0,0
0,0,0,0,0,0,0,0,0,0,0,0,D1,0,0,0,0,0
0,0,0,0,0,0,0,-1,0,0,0,0,0,0,0,0,0,0
0,0,0,0,0,0,0,0,0,DO,0,0,0,0,0,0,0,0
0,0,0,0,0,0,0,0,0,0,0,0,0,0,0,0,0,0
0,0,0,0,0,0,0,0,0,0,0,0,0,0,0,0,0,0
0,0,0,0,0,0,0,0,0,0,0,0,0,0,0,0,0,0
0,0,0,0,0,0,0,0,0,0,0,0,0,0,0,0,0,0
0,0,0,0,0,0,0,0,0,0,0,0,0,0,0,0,0,0
0,0,0,0,0,0,0,0,0,0,0,0,0,0,0,0,0,0
0,0,0,0,0,0,0,0,0,0,0,0,0,0,0,0,0,0
0,0,0,0,0,0,0,0,0,0,0,0,0,0,0,0,0,0
0,0,0,0,0,0,0,0,0,0,0,0,0,0,0,0,0,0
0,0,0,0,0,0,0,0,0,0,0,0,0,0,0,0,0,0
[floor3]
0,0,0,0,0,0,0,0,0,0,0,0,0,0,0,0,0,0
0,1,0,0,0,0,0,0,0,0,0,0,0,0,0,0,0,0
0,0,0,0,0,0,0,0,0,0,0,0,0,0,0,0,0,0
0,0,0,0,0,0,0,0,0,0,0,0,D1,0,0,0,0,0
0,0,0,0,0,0,0,-1,0,0,0,0,0,0,0,0,0,0
0,0,0,0,0,0,0,0,0,DO,0,0,0,0,0,0,0,0
0,0,0,0,0,0,0,0,0,0,0,0,0,0,0,0,0,0
0,0,0,0,0,0,0,0,0,0,0,0,0,0,0,0,0,0
0,0,0,0,0,0,0,0,0,0,0,0,0,0,0,0,0,0
0,0,0,0,0,0,0,0,0,0,0,0,0,0,0,0,0,0
0,0,0,0,0,0,0,0,0,0,0,0,0,0,0,0,0,0
0,0,0,0,0,0,0,0,0,0,0,0,0,0,0,0,0,0
0,0,0,0,0,0,0,0,0,0,0,0,0,0,0,0,0,0
0,0,0,0,0,0,0,0,0,0,0,0,0,0,0,0,0,0
0,0,0,0,0,0,0,0,0,0,0,0,0,0,0,0,0,0
0,0,0,0,0,0,0,0,0,0,0,0,0,0,0,0,0,0