16 18
[floor1]
0,0,0,0,0,0,0,0,0,0,0,0,0,0,0,0,0,0
0,A1,0,0,0,0,0,0,0,0,0,0,0,0,0,0,0,0
0,0,0,0,0,0,0,0,0,0,0,0,0,0,0,0,0,0
0,0,0,-1,-1,0,0,0,0,0,0,0,0,0,0,0,0,0
0,0,0,-1,0,0,0,-1,-1,-1,-1,-1,0,0,-1,-1,-1,-1
0,0,0,-1,0,0,0,-1,0,0,0,0,0,0,0,0,0,0
0,0,0,-1,-1,-1,0,0,0,0,0,0,0,0,0 ,0,0,0
0,0,0,0,0,0,0,0,0,0,0,0,0,0,0,0,0,0
0,0,0,0,0,0,0,0,0,0,0,0,0,0,0,0,0,0
0,0,0,0,0,0,0,0,0,0,-1,-1,-1,-1,-1,0,0,0
0,0,0,0,0,0,0,0,0,0,-1,0,0,0,-1,0,0,0
0,0,0,0,0,0,0,0,0,0,-1,-1,-1,-1,-1,0,0,0
0,0,0,0,0,0,0,0,0,0,0,0,0,0,-1,0,0,0
0,-1,-1,-1,0,0,0,0,0,0,0,0,0,-1,0,0,0,0
0,-1,0,-1,0,0,0,0,0,0,0,0,-1,-1,0,0,0,0
0,-1,-1,-1,-1,-1,-1,-1,-1,-1,-1,-1,-1,-1,-1,-1,-1,T1