16 18
[floor1]
0,0,0,0,0,0,0,0,0,0,0,0,0,0,0,0,0,0
0,A1,0,0,0,0,0,0,0,0,0,0,0,0,0,0,0,0
0,0,-1,-1,-1,D1,D1,-1,-1,-1,-1,-1,-1,-1,-1,0,0,0
0,0,-1,0,0,0,0,-1,UP,0,0,-1,0,0,-1,0,0,0
0,0,-1,0,0,0,0,D7,UP,0,0,D6,K5,0,-1,0,0,0
0,0,-1,0,0,0,0,D7,0,K1,0,D6,-1,-1,-1,0,0,0
0,0,-1,0,0,0,0,-1,0,0,0,0,0,0,-1,0,0,0
0,0,-1,D2,D2,-1,-1,-1,-1,-1,-1,-1,-1,-1,-1,0,0,0
0,0,-1,0,0,0,0,0,0,0,0,0,0,0,D3,0,0,0
0,0,-1,0,0,0,0,0,0,0,0,0,0,0,D3,0,0,0
0,0,-1,-1,D8,D8,-1,-1,-1,-1,-1,-1,-1,-1,-1,0,0,0
0,0,-1,0,0,0,0,-1,0,0,0,0,0,K8,-1,0,0,0
0,0,-1,0,0,0,0,-1,0,0,0,-1,-1,-1,-1,-1,D4,D4
0,0,-1,0,0,0,K4,-1,0,0,0,-1,0,0,0,0,0,0
0,0,-1,-1,-1,-1,-1,-1,0,0,0,-1,K2,0,-1,-1,-1,-1
0,0,0,0,0,0,0,K3,0,0,0,-1,K7,0,D5,0,T1,0
[floor2]
0,0,0,0,0,0,0,0,0,0,0,0,0,0,0,0,0,0
0,0,0,0,0,0,0,0,0,0,0,0,0,0,0,0,0,0
0,0,-1,-1,-1,-1,-1,-1,-1,-1,-1,-1,-1,-1,-1,0,0,0
0,0,-1,0,0,0,0,0,DO,0,0,0,0,0,-1,0,0,0
0,0,-1,0,0,0,0,0,DO,0,0,0,0,0,-1,0,0,0
0,0,-1,0,0,0,0,0,0,0,0,0,0,0,-1,0,0,0
0,0,-1,0,K6,0,0,0,0,0,0,0,0,0,-1,0,0,0
0,0,-1,0,0,0,0,0,0,0,0,0,0,0,-1,0,0,0
0,0,-1,0,0,0,0,0,0,0,0,0,0,0,-1,-1,-1,-1
0,0,-1,0,0,0,0,0,0,0,0,0,0,0,-1,0,0,0
0,0,-1,0,0,0,0,-1,-1,-1,-1,-1,-1,-1,-1,0,0,0
0,0,-1,0,0,0,0,-1,0,0,0,0,0,0,0,0,0,0
0,0,-1,0,0,0,0,-1,0,0,0,0,0,0,0,0,0,0
0,0,-1,0,0,0,0,-1,0,0,0,0,0,0,0,0,0,0
0,0,-1,-1,-1,-1,-1,-1,0,0,0,0,0,0,0,0,0,0
0,0,0,0,0,0,0,0,0,0,0,0,0,0,0,0,0,0