16 18
[floor1]
0,0,0,0,0,0,0,0,0,0,0,0,0,0,0,0,0,0
0,1,0,0,0,0,0,0,0,0,0,0,0,0,0,0,0,0
0,0,-1,-1,-1,D1,D1,-1,-1,-1,-1,-1,-1,-1,-1,0,0,0
0,0,-1,0,0,0,0,-1,0,0,0,0,0,0,-1,0,0,0
0,0,-1,0,0,0,0,-1,0,0,0,0,K1,0,-1,0,0,0
0,0,-1,0,0,0,0,-1,0,0,0,0,0,0,-1,0,0,0
0,0,-1,0,0,0,0,-1,0,0,0,0,0,0,-1,0,0,0
0,0,-1,0,0,0,0,0,0,0,0,0,0,0,-1,0,0,0
0,0,D2,0,0,0,0,0,0,0,0,0,0,0,D3,0,0,0s
0,0,D2,0,0,0,0,0,0,0,0,0,0,0,D3,0,0,0
0,0,-1,0,0,0,0,-1,-1,-1,-1,-1,-1,-1,0,0,0,0
0,0,-1,0,0,0,0,-1,K2,0,0,0,0,0,0,0,0,0
0,0,-1,0,0,0,0,-1,0,0,0,-1,-1,-1,D6,D6,D4,D4
0,0,-1,0,0,0,K4,-1,0,0,0,-1,K5,0,0,0,0,0
0,0,-1,-1,-1,-1,-1,-1,0,0,0,-1,0,0,-1,-1,-1,-1
0,0,0,0,0,0,0,K3,0,0,0,-1,0,0,D5,0,2,K6
[floor2]
0,0,0,0,0,0,0,0,0,0,0,0,0,0,0,0,0,0
0,1,0,0,0,0,0,0,0,0,0,0,0,0,0,0,0,0
0,0,0,0,0,0,0,0,0,0,0,0,0,0,0,0,0,0
0,0,0,0,0,0,0,0,0,0,0,0,D1,0,0,0,0,0
0,0,0,0,0,0,0,-1,0,0,0,0,0,0,0,0,0,0
0,0,0,0,0,0,0,0,0,DO,0,0,0,0,0,0,0,0
0,0,0,0,0,0,0,0,0,0,0,0,0,0,0,0,0,0
0,0,0,0,0,0,0,0,0,0,0,0,0,0,0,0,0,0
0,0,0,0,0,0,0,0,0,0,0,0,0,0,0,0,0,0
0,0,0,0,0,0,0,0,0,0,0,0,0,0,0,0,0,0
0,0,0,0,0,0,0,0,0,0,0,0,0,0,0,0,0,0
0,0,0,0,0,0,0,0,0,0,0,0,0,0,0,0,0,0
0,0,0,0,0,0,0,0,0,0,0,0,0,0,0,0,0,0
0,0,0,0,0,0,0,0,0,0,0,0,0,0,0,0,0,0
0,0,0,0,0,0,0,0,0,0,0,0,0,0,0,0,0,0
0,0,0,0,0,0,0,0,0,0,0,0,0,0,0,0,2,0